0.8681830515978507
0.6102302208848005
0.04257269737235159
0.5307813497426235
0.8177257226953276
0.4293947063326218
0.22789861662919553
0.7856957586454884
0.34030885349200835
0.0038086631010643135
0.5022140035460204
0.4148107077482853
0.40491992763896034
0.10816320122937506
0.373909007210538
0.9338371348037702
0.5484945687022058
0.4447158377560365
0.01297570001405357
0.019812655647734156
0.6121067033320169
0.3073515181577091
0.8267545642691162
0.5364111098179806
0.9781360831363684
0.12127275015968841
0.24765088403521807
0.2900914517507308
0.7439049577592057
0.800125600275319
0.3243090255055313
0.541594656116021
0.40261557244263524
0.03578189901475737
0.4790708029463887
0.557691825015643
0.5639662203294086
0.025540000623811676
0.686488028344032
0.5488141562916035
0.7526539037032987
0.3059980181323019
0.38535820470731597
0.588769419491454
0.16491674600695638
0.3430696326963496
0.5970383562196692
0.19835924505616676
0.21195088828936692
0.878501614312399
0.23016775633154818
0.020129077649220006
0.5591910150650957
0.19518426123331756
0.9140491196647975
0.04995076273236376
0.8365419215813781
0.3810237268139597
0.08090921773943027
0.00496913261232057
0.32550941934076216
0.7315608842592094
0.3988378475730088
0.2956019740915454
0.09222131418647173
0.5013458983534113
0.21768233190199604
0.6113087449810426
0.1899444260874138
0.7356596074513055
0.44552386796889154
0.7618506808608809
0.15169197586969985
0.6257029870206919
0.15074142218578301
0.9456732637385518
0.9378441465173352
0.17957959158133052
0.8536093324652626
0.8483503481282553
0.7327825357090718
0.46974672679999674
0.9053325487483274
0.505338082675621
0.2911550407497062
0.2620561660938181
0.12316339008885768
0.05057286513635495
0.8384447287165697
0.23657176539020708
0.52023755045532
0.38958747268000027
0.4324569421491453
0.6976282538320615
0.5125443942084709
0.6223019905683623
0.6246882493389022
0.7400674975585491
0.10656948440019665
0.6398120044970427
10.027656353543543
